RowIndex,Name,GameSegment.PlayNumber,Football.Down,Football.Distance,Football.SeriesNumber,Football.SeriesSeq,Football.FieldPosition,Play.Defense.OPers,Play.Defense.Formation_D,Play.Defense.BackSet_D,Play.Defense.Run_Play,Play.Defense.Route_D,Play.Defense.PlayType_D,Football.dcall,Play.Shared.RunPass,Football.Gain,Play.Quarter,Play.Defense.Hash_D,Play.Shared.BCREC,Football.PassResult,Play.Defense.Target,Play.Defense.TargetNum,Play.Defense.I_Form,Football.motion_d,Play.Defense.Variation,Football.shift_D,Play.Defense.Block,Football.routedesc_D,Football.check_D,Play.Shared.GL/SY,Play.Shared.2/4,Play.Defense.Personnel_D,Play.Defense.Front_D,Football.stuntdef_D,Play.Defense.Blitz_D,Play.Defense.Cover_D,Play.Defense.Coverage_Family,Play.Defense.ID_Call,Play.Shared.NP,Football.Penalty.Jersey,Football.Penalty.Type,Football.SeriesBeg,Football.SeriesEnd,Play.Shared.Opponent
1,"1604 IL DEF VS NE 10-01-16 SS IC_Clean, Play 001",1,1,10,1,1,-25,DC,DOUBLE,DOT,BELLY WK,,FLOOD,OVER 3,R,4,1,,,,,,,,U-OFF,,,,,,,BASE,OVER,,,,,,,,,,,NEB
2,"1604 IL DEF VS NE 10-01-16 SS IC_Clean, Play 002",2,2,6,1,2,-29,TY,TREY ,I NEAR,,SLANTS,,NKL OVER 3,P,10,1,,,C,,,,,,,,,,,,NKL,OVER,,,,,,,,,,,NEB
3,"1604 IL DEF VS NE 10-01-16 SS IC_Clean, Play 003",3,1,10,1,3,-39,TY,TRIPS UNB,DOT,FLOP RUN,,FLOP,NKL OVER 1,R,6,1,,,,,,,W-JET,Y-OFF,,,,,,,NKL,OVER,,,,,,,,,,,NEB
4,"1604 IL DEF VS NE 10-01-16 SS IC_Clean, Play 004",4,2,4,1,4,-45,RG,PRO,I,LEAD WK,,,OVER 1,R,3,1,,,,,,,,,,,,,,,BASE,OVER,,,,,,,,,,,NEB
5,"1604 IL DEF VS NE 10-01-16 SS IC_Clean, Play 005",5,3,1,1,5,-48,DC,DOUBLE,DOT,QB SNEAK,,,NKL UNDER 10,R,3,1,,,,,,,,U-OFF,,,,,,,NKL,UNDER,,,10,,,,,,,,NEB
6,"1604 IL DEF VS NE 10-01-16 SS IC_Clean, Play 006",6,1,10,1,6,49,DC,TRIPLES UNBALANCED GUN,FAR,,BOOT,,OVER SPEAR,P,2,1,,,C,,,,,,,,,,,,BASE,,,,,,,,,,,,NEB
7,"1604 IL DEF VS NE 10-01-16 SS IC_Clean, Play 007",7,2,8,1,7,47,TY,TRIPLES,GUN FAR,OPTION FLOOD,,FLOOD,NKL OVER PIRATE SKY 2,R,0,1,,H,,,,,,,,,1,,,,NKL,OVER,,,2 SKY,Z2,,,,,,,NEB
8,"1604 IL DEF VS NE 10-01-16 SS IC_Clean, Play 008",8,3,8,1,8,47,TY,TRIPS GUN,FAR,,CHINA CORNER,,NKL GREEN SHOW 2,P,18,1,,,C,,,,,Y-OFF,,,,,,,NKL,GREEN,,,,,,,,,,,NEB
9,"1604 IL DEF VS NE 10-01-16 SS IC_Clean, Play 009",9,1,10,1,9,29,TY,TREY GUN,FAR,,OVER ROUTE,,NKL OVER 1,P,0,1,,,I,,,,,Y-OFF,,,,,,,NKL,OVER,,,,,,,,,,,NEB
10,"1604 IL DEF VS NE 10-01-16 SS IC_Clean, Play 010",10,2,10,1,10,29,TY,TRIPS SPREAD GUN,FAR,QB DRAW,,FLOW,NKL OVER 1,R,13,1,,,,,,TRIPS GUN,H-FLY,,SHIFT,,,,,,NKL,OVER,,,,,,,,,,,NEB
11,"1604 IL DEF VS NE 10-01-16 SS IC_Clean, Play 011",11,1,10,1,11,16,DC,TRIPLES,DOT,BOUNCE WK,,,OVER 1,R,2,1,,,,,,,,U-OFF,,,,,,,BASE,OVER,,,,,,,,,,,NEB
12,"1604 IL DEF VS NE 10-01-16 SS IC_Clean, Play 012",12,2,8,1,12,14,TY,TREY SPREAD GUN,NEAR,,SLANTS,,NKL OVER PIRATE 2,P,13,1,,,C,,,,,,,,,,,,NKL,OVER,,,2,,,,,,,,NEB
13,"1604 IL DEF VS NE 10-01-16 SS IC_Clean, Play 013",13,1,1,1,13,1,JB,JUMBO,I,POWER O,,,HVY UNDER SNEAK 10,Pen,,1,,,,,,,,,,,,,,,HVY,,,,,,,,,OD,,,NEB
14,"1604 IL DEF VS NE 10-01-16 SS IC_Clean, Play 014",14,1,1,1,14,1,JB,JUMBO,I NR,QB SNEAK,,,HVY UNDER SNEAK 10,R,1,1,,,,,,,,,,,,,,,HVY,,,,,,,,,,,,NEB
15,"1604 IL DEF VS NE 10-01-16 SS IC_Clean, Play 015",15,1,10,2,1,-14,TY,TRIPLES,DOT,BELLY WK,,FLOOD,NKL OVER CLOUD 3,R,6,1,,,,,,,,,,,,,,,NKL,OVER,,,3 CLOUD,,,,,,,,NEB
16,"1604 IL DEF VS NE 10-01-16 SS IC_Clean, Play 016",16,2,4,2,2,-20,RG,SLOT,I,LEAD WK,,,OVER 1,R,3,1,,,,,,,,,,,,,,,BASE,OVER,,,,,,,,,,,NEB
17,"1604 IL DEF VS NE 10-01-16 SS IC_Clean, Play 017",17,3,1,2,3,-23,RG,TANK,I FR,LEAD WK,,,OVER 1,R,1,1,,,,,,,,,,,,,,,BASE,OVER,,,,,,,,,,,NEB
18,"1604 IL DEF VS NE 10-01-16 SS IC_Clean, Play 018",18,1,10,2,4,-24,TY,TRIPLES GUN,FAR,QB COUNTER,,,NKL DART,R,-6,1,,,,,,,,,,,,,,,NKL,,,,,,,,,,,,NEB
19,"1604 IL DEF VS NE 10-01-16 SS IC_Clean, Play 019",19,2,16,2,5,-18,TY,TREY SPREAD GUN,FAR,HB SCREEN,,,NKL NOSE 2,P,37,1,,,C,,,,,,,,,,,,NKL,,,,,,,,,,,,NEB
20,"1604 IL DEF VS NE 10-01-16 SS IC_Clean, Play 020",20,1,10,2,6,45,TY,TRIPS GUN,NEAR,,BEAR PASS,,NKL DART,P,0,1,,,I,,,,,Y-OFF,,,,,,,NKL,,,,,,,,,,,,NEB
21,"1604 IL DEF VS NE 10-01-16 SS IC_Clean, Play 021",21,2,10,2,7,45,TY,UNBALANCED TRIPS,DOT,JET SWEEP,,,NKL OVER PIRATE 2,R,11,1,,,,,,,,X-OFF,,,,,,,NKL,OVER,,,2,,,,,,,,NEB
22,"1604 IL DEF VS NE 10-01-16 SS IC_Clean, Play 022",22,1,10,2,8,34,DC,DOUBLE,DOT,BELLY STR,,SPLIT,OVER 1,R,5,1,,,,,,,Z-JET,U-OFF,,,,,,,BASE,OVER,,,,,,,,,,,NEB
23,"1604 IL DEF VS NE 10-01-16 SS IC_Clean, Play 023",23,2,5,2,9,29,TY,TRIPS GUN,FAR,,CHINA SEAM,,NKL OVER 1,P,0,1,,,I,,,,,Y-OFF,,,,,,,NKL,OVER,,,,,,,,,,,NEB
24,"1604 IL DEF VS NE 10-01-16 SS IC_Clean, Play 024",24,3,5,2,10,29,TY,Y-OUT GUN,SPLIT,,CROSSERS,,NKL STUD PRESS 3,P,,1,,,,,,,,Z-IN,,,,,,,NKL,OVER,STUD,,3 PRESS,,,,,FO,,,NEB
25,"1604 IL DEF VS NE 10-01-16 SS IC_Clean, Play 025",25,3,10,2,11,34,TY,TRIPS SPREAD GUN,FAR,,VIKING PICK,,NKL GREEN 2,P,,1,,,,,,,,,,,,,,,NKL,GREEN,,,,,,,,HO,,,NEB
26,"1604 IL DEF VS NE 10-01-16 SS IC_Clean, Play 026",26,3,25,2,12,49,TY,TREY GUN,NEAR,,Z SCREEN,,NKL NOSE LOOSE 2,P,10,2,,,C,,,,,Y-OFF,,,,,,,NKL,,,,,,,,,,,,NEB
27,"1604 IL DEF VS NE 10-01-16 SS IC_Clean, Play 027",27,1,10,3,1,-35,DC,DOUBLE,DOT,BELLY STR,,SPLIT,OVER STICK 1,R,4,2,,,,,,,,U-OFF,,,,,,,BASE,OVER,,,,,,,,,,,NEB
28,"1604 IL DEF VS NE 10-01-16 SS IC_Clean, Play 028",28,2,6,3,2,-39,DC,TRIPLES,DOT,BOUNCE WK,,,OVER SPEAR,R,5,2,,,,,,,,U-OFF,,,,,,,BASE,,,,,,,,,,,,NEB
29,"1604 IL DEF VS NE 10-01-16 SS IC_Clean, Play 029",29,3,1,3,3,-44,DC,DOUBLE,DOT,QB SNEAK,,,UNDER 10,R,3,2,,,,,,,,U-OFF,,,,,,,BASE,UNDER,,,,,,,,,,,NEB
30,"1604 IL DEF VS NE 10-01-16 SS IC_Clean, Play 030",30,1,10,3,4,-47,TY,TRIPS GUN,NEAR,,BEAR PASS,,NKL WHACK,P,21,2,,,C,,,NEAR,,Y-OFF,,,,,,,NKL,,,WHACK,,,,,,,,,NEB
31,"1604 IL DEF VS NE 10-01-16 SS IC_Clean, Play 031",31,1,10,3,5,32,RG,SLOT,I,,WHEEL ROUTE,,OVER PRESS 3,P,0,2,,,I,,,,,,,,,,,,BASE,OVER,,,,,,,,,,,NEB
32,"1604 IL DEF VS NE 10-01-16 SS IC_Clean, Play 032",32,2,10,3,6,32,DC,DETRIOT TRUMP,DOT,SCREEN RB,,,OVER 1,P,13,2,,,C,,,,,Z-JET,,,,,,,BASE,OVER,,,,,,,,,,,NEB
33,"1604 IL DEF VS NE 10-01-16 SS IC_Clean, Play 033",33,1,10,3,7,19,DC,TRIPLES,DOT,BELLY WK,,FLOOD,OVER CLOUD 1,R,0,2,,,,,,,,U-OFF,,,,,,,BASE,OVER,,,,,,,,,,,NEB
34,"1604 IL DEF VS NE 10-01-16 SS IC_Clean, Play 034",34,2,10,3,8,19,RG,SLOT,I,LEAD WK,,,OVER PRESS 3,R,7,2,,,,,,,,,,,,,,,BASE,OVER,,,,,,,,,,,NEB
35,"1604 IL DEF VS NE 10-01-16 SS IC_Clean, Play 035",35,3,3,3,9,12,TY,TRIPS SPREAD GUN,FAR,,TRAIL ROUTE,,NKL OVER T-1,P,0,2,,,I,,,,,BUNCH,,,,,,,NKL,OVER,,,1-T,,,,,HO,,,NEB
36,"1604 IL DEF VS NE 10-01-16 SS IC_Clean, Play 036",36,1,10,4,1,-30,TY,TRIPS GUN,FAR,,BUC BASE,,NKL OVER 2,P,28,2,,,C,,,,Y-IG,Y-OFF,,,,,,,NKL,OVER,,,,,,,,,,,NEB
37,"1604 IL DEF VS NE 10-01-16 SS IC_Clean, Play 037",37,1,10,4,2,42,TY,TRIPS SPREAD GUN,FAR,,WALSH,,NKL OVER 2,P,24,2,,,Int,,,,,,,,,,,,NKL,OVER,,,,,,,,,,,NEB
38,"1604 IL DEF VS NE 10-01-16 SS IC_Clean, Play 038",38,1,10,5,1,29,RGPY,Y-OUT,GUN SPLIT,OPTION SPLIT,,SPLIT,NKL OVER STICK 3,R,5,3,,,,,,,H-FLY,,,,3,,,,NKL,OVER,STICK,,3,Z3,,,,,,,NEB
39,"1604 IL DEF VS NE 10-01-16 SS IC_Clean, Play 039",39,2,5,5,2,24,DC,DOUBLE,DOT,,OVER ROUTE,,OVER 1,P,0,3,,,I,,,,Z-IN,,,,,,,,BASE,OVER,,,,,,,,,,,NEB
40,"1604 IL DEF VS NE 10-01-16 SS IC_Clean, Play 040",40,3,5,5,3,24,TY,TREY SPREAD GUN,NEAR,,CROSSERS,,NKL STUD PRESS 3,P,12,3,,,C,,,EMPTY,H-PEEL,,,,,,,,NKL,OVER,STUD,,3 PRESS,,,,,,,,NEB
41,"1604 IL DEF VS NE 10-01-16 SS IC_Clean, Play 041",41,1,10,5,4,12,TY,TRIPS YLW,GUN FAR,OPTION FLOP,,FLOP,NKL OVER T-1,R,-3,3,,H,,,,,,Y-OFF,,,1,,,,NKL,OVER,,,1-T,T-MF,,,,,,,NEB
42,"1604 IL DEF VS NE 10-01-16 SS IC_Clean, Play 042",42,2,13,5,5,15,DC,TRIPLES,DOT,BOUNCE WK,,,OVER PIRATE T-2,R,3,3,,,,,,,,U-OFF,,,,,,,BASE,OVER,,,,,,,,,,,NEB
43,"1604 IL DEF VS NE 10-01-16 SS IC_Clean, Play 043",43,1,10,6,1,-25,TY,TREY,GUN NEAR,OPTION SPLIT ARC,,SPLIT,NKL OVER PRESS 3,R,4,3,,H,,,,,,Y-OFF,,ARC,3,,,,NKL,OVER,,,3 PRESS,,,,,,,,NEB
44,"1604 IL DEF VS NE 10-01-16 SS IC_Clean, Play 044",44,2,6,6,2,-29,DC,TRIPLES,DOT,BELLY WK,,FLOOD,OVER 1,R,3,3,,,,,,,,U-OFF,,,,,,,BASE,OVER,,,,,,,,,,,NEB
45,"1604 IL DEF VS NE 10-01-16 SS IC_Clean, Play 045",45,3,3,6,3,-32,TY,TREY GUN,NEAR,,CHINA SEAM,,NKL OVER PRESS 1,P,6,3,,,C,,,TRIPS GUN,,XZ STACK,,,,,,,NKL,OVER,,,1 PRESS,,,,,,,,NEB
46,"1604 IL DEF VS NE 10-01-16 SS IC_Clean, Play 046",46,1,10,6,4,-38,DC,TRIPLES,DOT,BOUNCE WK,,,OVER PIRATE SKY 2,R,5,3,,,,,,,,U-OFF,,,,,,,BASE,OVER,,,,,,,,,,,NEB
47,"1604 IL DEF VS NE 10-01-16 SS IC_Clean, Play 047",47,2,5,6,5,-43,TY,TRIPS,DOT,,BEAR PASS,,NKL OVER 3,P,10,3,,,C,,,,,U-OFF,,,,,,,NKL,OVER,,,,,,,,,,,NEB
48,"1604 IL DEF VS NE 10-01-16 SS IC_Clean, Play 048",48,1,10,6,6,47,DC,DOUBLE,DOT,BOUNCE WK,,,OVER PIRATE 2,R,0,3,,,,,,,,U-OFF,,,,,,,BASE,OVER,,,,,,,,,,,NEB
49,"1604 IL DEF VS NE 10-01-16 SS IC_Clean, Play 049",49,2,10,6,7,47,TY,TRIPS SPREAD GUN,NEAR,QB DRAW,,FLOP,NKL WHACK,R,-2,3,,,,,,,,,,H-LEAD,,,,,NKL,,,WHACK,,,,,,,,,NEB
50,"1604 IL DEF VS NE 10-01-16 SS IC_Clean, Play 050",50,3,12,6,8,49,TY,TRIPS SPREAD GUN,FAR,,WALSH,,NKL NOSE LOOSE 2,Pen,,3,,,,,,,,,,,,,,,NKL,,,,,,,,,PF,,,NEB
51,"1604 IL DEF VS NE 10-01-16 SS IC_Clean, Play 051",51,1,10,6,9,34,TY,TREY YLW,GUN FAR,OPTION FLOOD HAWK,,FLOOD,NKL OVER PRESS 3,R,2,3,,,,,,,,,,HAWK,1,,,,NKL,OVER,,,3 PRESS,,,,,,,,NEB
52,"1604 IL DEF VS NE 10-01-16 SS IC_Clean, Play 052",52,2,8,6,10,32,DC,TRIPS TRUMP,DOT,,HB SCREEN,,OVER PIRATE 2,P,5,3,,,C,,,,Z-IN,,,,,,,,BASE,OVER,,,,,,,,,,,NEB
53,"1604 IL DEF VS NE 10-01-16 SS IC_Clean, Play 053",53,3,3,6,11,27,TK,TANK,I FR,LEAD WK,,,UNDER 10,R,-1,3,,,,,,,,,SHIFT,,,,,,BASE,UNDER,,,,,,,,,,,NEB
54,"1604 IL DEF VS NE 10-01-16 SS IC_Clean, Play 054",54,4,4,6,12,28,TY,TRIPS SPREAD GUN,NEAR,,CHINA SEAM,,NKL STUD NOSE PRESS 2,P,,3,,,,,,,,XZ STACK,,,,,,,NKL,OVER,STUD,,2 PRESS,,,,,PI,,,NEB
55,"1604 IL DEF VS NE 10-01-16 SS IC_Clean, Play 055",55,1,10,6,13,23,DC,TRIPS TRUMP,DOT,REVERSE,,,OVER PIRATE 2,R,4,3,,,,,,,Z-IN,,,,,,,,BASE,OVER,,,,,,,,,,,NEB
56,"1604 IL DEF VS NE 10-01-16 SS IC_Clean, Play 056",56,2,6,6,14,19,TK,SLOT,I,LEAD WK,,,SMASH,R,-2,3,,,,,,,,,,,,,,,BASE,,,,,,,,,,,,NEB
57,"1604 IL DEF VS NE 10-01-16 SS IC_Clean, Play 057",57,3,8,6,15,21,TY,TRIPS GUN,FAR,,CROSSERS,,NKL OVER CLOUD BLITZ 1,P,8,4,,,C,,,,,,,,,,,,NKL,OVER,,BLITZ 1,1,,,,,,,,NEB
58,"1604 IL DEF VS NE 10-01-16 SS IC_Clean, Play 058",58,1,10,6,16,13,TY,TRIPS,GUN NEAR,OPTION FLOW ARC,,FLOW,NKL OVER STICK 1,R,6,4,,H,,,,,,Y-OFF,,ARC,3,,,,NKL,OVER,STICK,,1,MF,,,,,,,NEB
59,"1604 IL DEF VS NE 10-01-16 SS IC_Clean, Play 059",59,2,4,6,17,7,TY,TREY YLW,GUN FAR,OPTION FLOOD HAWK,,FLOOD,NKL OVER T-1,R,2,4,,H,,,,,,,,HAWK,1,,,,NKL,OVER,,,1-T,T-MF,,,,,,,NEB
60,"1604 IL DEF VS NE 10-01-16 SS IC_Clean, Play 060",60,3,2,6,18,5,TY,TRIPS,GUN FAR,OPTION SPEED,,FLOP,NKL T-DART,R,1,4,,,,,,,,Y-OFF,,,1,,,,NKL,,,DART,,T-ZP,,,,,,,NEB
61,"1604 IL DEF VS NE 10-01-16 SS IC_Clean, Play 061",61,4,1,6,19,4,DC,PISTOL TRIPS BUNCH,DOT,BELLY STR,,FLOW,OVER T-SPEAR,R,1,4,,,,,,PISTOL TRIPS OUTSIDE,,,,,,,,,BASE,,,,,,,,,,,,NEB
62,"1604 IL DEF VS NE 10-01-16 SS IC_Clean, Play 062",62,1,3,6,20,3,TY,TRIPS,GUN NEAR,OPTION FLOW ARC,,FLOW,NKL OVER PRESS T-1,R,3,4,,H,,,,,,Y-OFF,,ARC,3,,,,NKL,OVER,,,1-T,T-MF,,,,,,,NEB
63,"1604 IL DEF VS NE 10-01-16 SS IC_Clean, Play 063",63,1,10,7,1,-41,DC,DETRIOT TRUMP,FAR,BELLY WK,,FLOOD,OVER 1,R,5,4,,,,,,,Z-JET,,,,,,,,BASE,OVER,,,,,,,,,,,NEB
64,"1604 IL DEF VS NE 10-01-16 SS IC_Clean, Play 064",64,2,5,7,2,-46,DC,TRIPLES,DOT,BOUNCE WK,,,SMASH,R,7,4,,,,,,,,U-OFF,,,,,,,BASE,,,,,,,,,,,,NEB
65,"1604 IL DEF VS NE 10-01-16 SS IC_Clean, Play 065",65,1,10,7,3,47,TY,TRIPS SPREAD,GUN NEAR,OPTION BOUNCE,,FLOW,NKL OVER 3,R,7,4,,H,,,,,,,,,3,,,,NKL,OVER,,,3,Z3,,,,,,,NEB
66,"1604 IL DEF VS NE 10-01-16 SS IC_Clean, Play 066",66,2,3,7,4,40,DC,DETRIOT TRUMP,DOT,BELLY WK,,FLOOD,OVER 1,R,2,4,,,,,,,,,,,,,,,BASE,OVER,,,,,,,,,,,NEB
67,"1604 IL DEF VS NE 10-01-16 SS IC_Clean, Play 067",67,3,1,7,5,38,DC,TRIPLES,DOT,QB SNEAK,,,UNDER SNEAK 10,R,3,4,,,,,,,,U-OFF,,,,,,,BASE,,,,,,,,,,,,NEB
68,"1604 IL DEF VS NE 10-01-16 SS IC_Clean, Play 068",68,1,10,7,6,35,TY,TRIPS SPREAD,GUN NEAR,OPTION BOUNCE,,FLOW,NKL OVER 1,R,5,4,,H,,,,,,,,,3,,,,NKL,OVER,,,1,MF,,,,,,,NEB
69,"1604 IL DEF VS NE 10-01-16 SS IC_Clean, Play 069",69,2,5,7,7,30,DC,TRIPLES,DOT,BOUNCE WK,,,OVER SPEAR,R,0,4,,,,,,,,"U-OFF,XZSTK",,,,,,,BASE,,,,,,,,,,,,NEB
70,"1604 IL DEF VS NE 10-01-16 SS IC_Clean, Play 070",70,3,5,7,8,30,TY,TRIPS SPREAD GUN,FAR,,FLARE SCREEN,,NKL GREEN PRESS 3,P,21,4,,,C,,,,,H-FLY,,,,,,,NKL,GREEN,,,,,,,,,,,NEB
71,"1604 IL DEF VS NE 10-01-16 SS IC_Clean, Play 071",71,1,9,7,9,9,DC,DETRIOT TRUMP,DOT,BELLY WK,,FLOOD,OVER T-SPEAR,R,1,4,,,,,,,Z-JET,,,,,,,,BASE,,,,,,,,,,,,NEB
72,"1604 IL DEF VS NE 10-01-16 SS IC_Clean, Play 072",72,2,8,7,10,8,DC,TRIPS TRUMP,DOT,BELLY STR HAWK,,,OVER T-1,R,2,4,,,,,,,Z-IN,,,HAWK,,,,,BASE,OVER,,,,,,,,,,,NEB
73,"1604 IL DEF VS NE 10-01-16 SS IC_Clean, Play 073",73,3,6,7,11,6,DC,TRIPS TRUMP BUNCH GUN,NEAR,,SHALLOW,,NKL OVER PRESS 1,P,6,4,,,C,,,,,,,,,,,,NKL,OVER,,,1 PRESS,,,,,,,,NEB
74,"1604 IL DEF VS NE 10-01-16 SS IC_Clean, Play 074",74,1,10,8,1,-30,TY,TRIPS SPREAD,GUN NEAR,OPTION BOUNCE,,FLOW,NKL OVER 1,R,7,4,,H,,,,,,,,,3,,,,NKL,OVER,,,1,MF,,,,,,,NEB
75,"1604 IL DEF VS NE 10-01-16 SS IC_Clean, Play 075",75,2,3,8,2,-37,TY,TRIPS SPREAD,GUN NEAR,OPTION BOUNCE,,FLOW,NKL OVER PRESS 1,R,63,4,,H,,,,,,,,,3,,,,NKL,OVER,,,1 PRESS,,,,,,,,NEB
76,"1604 IL DEF VS NE 10-01-16 SS IC_Clean, Play 076",76,1,10,9,1,32,TY,TRIPS SPREAD,GUN NEAR,OPTION BOUNCE,,FLOW,NKL OVER 1,R,1,4,,H,,,,,,,,,3,,,,NKL,OVER,,,1,MF,,,,,,,NEB
77,"1604 IL DEF VS NE 10-01-16 SS IC_Clean, Play 077",77,2,9,9,2,31,DC,,,KNEEL DOWN,,,OVER STICK 1,R,-2,4,,,,,,,,`,,,,,,,BASE,OVER,,,,,,,,,,,NEB
