RowIndex,Name,GameSegment.PlayNumber,Football.Down,Football.Distance,Football.SeriesNumber,Football.SeriesSeq,Football.FieldPosition,Play.Defense.OPers,Play.Defense.Formation_D,Play.Defense.BackSet_D,Play.Defense.Run_Play,Play.Defense.Route_D,Play.Defense.PlayType_D,Football.dcall,Play.Shared.RunPass,Football.Gain,Play.Quarter,Play.Defense.Hash_D,Play.Shared.BCREC,Football.PassResult,Play.Defense.Target,Play.Defense.TargetNum,Play.Defense.I_Form,Football.motion_d,Play.Defense.Variation,Football.shift_D,Play.Defense.Block,Football.routedesc_D,Football.check_D,Play.Shared.GL/SY,Play.Shared.2/4,Play.Defense.Personnel_D,Play.Defense.Front_D,Football.stuntdef_D,Play.Defense.Blitz_D,Play.Defense.Cover_D,Play.Defense.Coverage_Family,Play.Defense.ID_Call,Play.Shared.NP,Football.Penalty.Jersey,Football.Penalty.Type,Football.SeriesBeg,Football.SeriesEnd,Play.Shared.Opponent
1,"1608 IL DEF VS MN 10-29-16 SS IC_Clean, Play 001",1,1,10,1,1,-33,TY,TREY YLW,PISTOL DOT,OPTION SPLIT ARC,,SPLIT,NKL OVER 1,R,3,1,,Q,,,,,,,,,,,,,,OVER,,,1,MF,,,,,,,MINN
2,"1608 IL DEF VS MN 10-29-16 SS IC_Clean, Play 002",2,2,7,1,2,-36,TY,TRIPS YLW UNB,PISTOL DOT,COUNTER OY WK,,FLOW,NKL UNDER 10,R,8,1,,,,,,,W-JET,,,,,,,,,UNDER,,,10,MF,,,,,,,MINN
3,"1608 IL DEF VS MN 10-29-16 SS IC_Clean, Play 003",3,1,10,1,3,-44,TY,TREY,GUN FAR,,DRAGON,QCK,NKL OVER 1,P,0,1,,,I,,,,,Y-OFF,,,SLANTS,,,,,OVER,,,1,MF,,,,,,,MINN
4,"1608 IL DEF VS MN 10-29-16 SS IC_Clean, Play 004",4,2,10,1,4,-44,RG,DEUCE,DOT,BELLY WK,,FLOOD,OVER 1,R,3,1,,,,,,,,,,,,,,,,OVER,,,1,MF,,,,,,,MINN
5,"1608 IL DEF VS MN 10-29-16 SS IC_Clean, Play 005",5,3,7,1,5,-47,TY,TREY,GUN NEAR,,BASE,DBP,NKL GOPHER FREE,P,0,1,,,I,,,,,Y-OFF,,,FALCON,,,,,,,GOPHER,1,MP,,,,,,,MINN
6,"1608 IL DEF VS MN 10-29-16 SS IC_Clean, Play 006",6,1,9,2,1,9,TY,TREY,PISTOL DOT,BOUNCE STR,,,NKL OVER T-1,R,9,1,,,,,,,W-PEEL,,,TUG C,,,,,,OVER,,,T-1,T-MF,,,,,,,MINN
7,"1608 IL DEF VS MN 10-29-16 SS IC_Clean, Play 007",7,1,10,3,1,-46,RG,PRO,I,,BOOT SPLIT,PSPLIT,OVER SPEAR,P,-11,1,,,S,,,,,,,,,,,,,,,SPEAR,,ZP,,,,,,,MINN
8,"1608 IL DEF VS MN 10-29-16 SS IC_Clean, Play 008",8,2,21,3,2,-35,TY,TREY,PISTOL DOT,,SHALLOW ROUTE,DBP,NKL OVER STICK 2,R,0,1,,,,,,TRIPS,ZOOM,,,,,,,,,OVER,STICK,,2,Z2,,,,,,,MINN
9,"1608 IL DEF VS MN 10-29-16 SS IC_Clean, Play 009",9,3,21,3,3,-35,TY,TRIPS,GUN FAR,,BUC SEAMS,,NKL GREEN 2,P,9,1,,,C,,,,,,,,,,,,,GREEN,,,2,Z2,,,,,,,MINN
10,"1608 IL DEF VS MN 10-29-16 SS IC_Clean, Play 010",10,1,10,4,1,-25,TY,TREY YLW,PISTOL DOT,BELLY WK,,FLOOD,NKL OVER PIRATE SKY 2,R,5,1,,,,,,,,,,,,,,,,OVER,PIRATE,,2 SKY,Z2,,,,,,,MINN
11,"1608 IL DEF VS MN 10-29-16 SS IC_Clean, Play 011",11,2,5,4,2,-30,TY,TRIPLES,DOT,JET SWEEP,,FLOOD,NKL WHACK,R,7,1,,,,,,,W-JET,,,,,,,,,,,WHACK,,ZP,NKL UNDER 10,,,,,,MINN
12,"1608 IL DEF VS MN 10-29-16 SS IC_Clean, Play 012",12,1,10,4,3,-37,RG,PRO,I,,2 MAN ROUTE,PFLOP,OVER SPEAR,P,-11,1,,,S,,,,Z-IN,,,,OVER/POST,,,,,,,SPEAR,,ZP,,,,,,,MINN
13,"1608 IL DEF VS MN 10-29-16 SS IC_Clean, Play 013",13,2,21,4,4,-26,TY,TREY YLW,PISTOL DOT,OPTION SPLIT ARC,,SPLIT,NKL GREEN 2,R,12,1,,H,,,,,,,,,,,,,,GREEN,,,2,Z2,NKL OVER 2,,,,,,MINN
14,"1608 IL DEF VS MN 10-29-16 SS IC_Clean, Play 014",14,3,9,4,5,-38,RG,DEUCE,GUN FAR,,FALCON,DBP,NKL GREEN 2,P,0,1,,,I,,,,,,,,FALCON,,,,,GREEN,,,2,Z2,,,,,,,MINN
15,"1608 IL DEF VS MN 10-29-16 SS IC_Clean, Play 015",15,1,10,5,1,20,RGPY,PRO,I FAR,POWER O WK,,FLOOD,OVER 1,R,20,1,,,,,,,Z-JET,,,,,,,,,OVER,,,1,MF,,,,,,,MINN
16,"1608 IL DEF VS MN 10-29-16 SS IC_Clean, Play 016",16,1,10,6,1,-7,RG,DEUCE,DOT,BELLY STR,,FLOOD,UNDER 10,R,2,2,,,,,,,,,,,,,,,,UNDER,,,10,MF,,,,,,,MINN
17,"1608 IL DEF VS MN 10-29-16 SS IC_Clean, Play 017",17,2,8,6,2,-9,TY,TRIPLES,DOT,BELLY STR,,SPLIT,NKL WHACK,R,2,2,,,,,,,,,,,,,,,,,,WHACK,,ZP,NKL PIRATE SKY 2,,,,,,MINN
18,"1608 IL DEF VS MN 10-29-16 SS IC_Clean, Play 018",18,3,6,6,3,-11,TY,TRIPS YLW,DOT,STEELER DRAW,,FLOP,NKL GREEN 2,R,12,2,,,,,,,,,,,,,,,,GREEN,,,,Z2,,,,,,,MINN
19,"1608 IL DEF VS MN 10-29-16 SS IC_Clean, Play 019",19,1,10,6,4,-23,RG,PRO,PIST I FR,OPTION FLOOD ARC,,FLOOD,OVER SPEAR,R,3,2,,H,,,,,Z-JET,,,,,,,,,,,SPEAR,,ZP,,,,,,,MINN
20,"1608 IL DEF VS MN 10-29-16 SS IC_Clean, Play 020",20,2,7,6,5,-26,TY,TRIPLES,PIST DOT,BOUNCE STR,,SPLIT,NKL UNDER 10,R,3,2,,,,,,TREY,W-PEEL,,,U WIPE,,,,,,UNDER,,,10,MF,,,,,,,MINN
21,"1608 IL DEF VS MN 10-29-16 SS IC_Clean, Play 021",21,3,4,6,6,-29,TY,TREY,GUN NEAR,,BUC BASE,DBP,NKL OVER PRESS 1,P,11,2,,,C,,,TREY,W-PEEL,,,,,,,,,OVER,,,1 PRESS,MF,,,,,,,MINN
22,"1608 IL DEF VS MN 10-29-16 SS IC_Clean, Play 022",22,1,10,6,7,-40,TY,TRIPS BUNCH,PIST DOT,,BINGO CROSSERS,PFLOW,NKL OVER 1,P,20,2,,,C,,,TITE STACK,ZOOM,,,,STAR RT,,,,,OVER,,,1,MF,,,,,,,MINN
23,"1608 IL DEF VS MN 10-29-16 SS IC_Clean, Play 023",23,1,10,6,8,40,RGPY,PRO,I FAR,POWER O WK,,FLOOD,OVER 1,R,3,2,,,,,,,H-JET,,,,,,,,,OVER,,,1,MF,,,,,,,MINN
24,"1608 IL DEF VS MN 10-29-16 SS IC_Clean, Play 024",24,2,7,6,9,37,RG,DEUCE,DOT,BOUNCE STR,,SPLIT,OVER 1,R,,2,,,,,,,,,,TUG C,,,,,,OVER,,,1,MF,,,,HO,,,MINN
25,"1608 IL DEF VS MN 10-29-16 SS IC_Clean, Play 025",25,2,17,6,10,47,TY,TRIPS YLW,PIST DOT,FLOP RUN,,FLOP,NKL OVER STICK 2,R,2,2,,,,,,,,,,,,,,,,OVER,STICK,,2,Z2,,,,,,,MINN
26,"1608 IL DEF VS MN 10-29-16 SS IC_Clean, Play 026",26,3,15,6,11,45,TY,TITE STACK,GUN NEAR,,FALCON,DBP,NKL GREEN 2,P,0,2,,,I,,,,,Y-OFF,,,DENVER,,,,,GREEN,,,2,Z2,,,,,,,MINN
27,"1608 IL DEF VS MN 10-29-16 SS IC_Clean, Play 027",27,1,10,7,1,-10,TR,TRIO,PIST I NR,COUNTER OF WK,,FLOOD,NKL UNDER 10,R,11,2,,,,,,,,,,,,,,,,UNDER,,,10,MF,,,,,,,MINN
28,"1608 IL DEF VS MN 10-29-16 SS IC_Clean, Play 028",28,1,10,7,2,-21,TY,TREY,PIST DOT,BOUNCE STR,,SPLIT,NKL OVER 1,R,6,2,,,,,,,,,,TUG C,,,,,,OVER,,,1,MF,,,,,,,MINN
29,"1608 IL DEF VS MN 10-29-16 SS IC_Clean, Play 029",29,2,4,7,3,-27,TY,TREY YLW,PIST DOT,COUNTER OY WK,,SPLIT,NKL DART,R,8,2,,,,,,,,,,,,,,,,,,DART,,ZP,,,,,,,MINN
30,"1608 IL DEF VS MN 10-29-16 SS IC_Clean, Play 030",30,1,10,7,4,-35,TY,TREY,PIST DOT,BOUNCE STR,,SPLIT,NKL UNDER 10,R,-3,2,,,,,,,,,,U WIPE,,,,,,UNDER,,,10,MF,,,,,,,MINN
31,"1608 IL DEF VS MN 10-29-16 SS IC_Clean, Play 031",31,2,13,7,5,-32,TY,TRIPS YLW,DOT,FLOP RUN,,FLOP,NKL OVER STAB SKY 2,R,-1,2,,,,,,,,,,,,,,,,OVER,STAB,,2 SKY,Z2,,,,,,,MINN
32,"1608 IL DEF VS MN 10-29-16 SS IC_Clean, Play 032",32,3,14,7,6,-31,TY,TREY YLW,GUN NEAR,,SCREEN RB,DBP,NKL WOLF,P,12,2,,,C,,,,,,,,,,,,,,,WOLF,,ZP,,,,,,,MINN
33,"1608 IL DEF VS MN 10-29-16 SS IC_Clean, Play 033",33,1,10,8,1,49,RG,PRO,I,POWER O WK,,FLOOD,OVER 1,R,3,3,,,,,,,,,,,,,,,,OVER,,,1,MF,,,,,,,MINN
34,"1608 IL DEF VS MN 10-29-16 SS IC_Clean, Play 034",34,2,7,8,2,46,RG,DEUCE,DOT,,DRAGON,PFLOOD,OVER BLITZ 1,P,0,3,,,I,,,,,,,,DRAGON,,,,,OVER,,BLITZ 1,1,MP,,,,,,,MINN
35,"1608 IL DEF VS MN 10-29-16 SS IC_Clean, Play 035",35,3,7,8,3,46,TY,TRIPS BUNCH,GUN FAR,,TRAIL ROUTE,DBP,NKL GOPHER FREE,P,35,3,,,C,,,TITE STACK,ZOOM,,,,COMEBACK,,,,,,,GOPHER,1,MP,,,,,,,MINN
36,"1608 IL DEF VS MN 10-29-16 SS IC_Clean, Play 036",36,1,10,8,4,11,TY,TREY,GUN NEAR,QB POWER O,,SPLIT,NKL OVER T-1,R,2,3,,,,,,,W-JET,,,,,,,,,OVER,,,1-T,T-MF,,,,,,,MINN
37,"1608 IL DEF VS MN 10-29-16 SS IC_Clean, Play 037",37,2,8,8,5,9,RG,PRO YLW,PIST I FR,COUNTER OY WK,,SPLIT,OVER T-1,R,9,3,,,,,,,,Y-OFF,,,,,,,,OVER,,,1-T,T-MF,,,,,,,MINN
38,"1608 IL DEF VS MN 10-29-16 SS IC_Clean, Play 038",38,1,10,9,1,42,TY,TREY,GUN FAR,,CHINA CORNER,DBP,NKL DART,P,0,3,,,I,,,,,FLIP,,,SLANTS,,,,,,,DART,,ZP,,,,,,,MINN
39,"1608 IL DEF VS MN 10-29-16 SS IC_Clean, Play 039",39,2,10,9,2,42,RG,SLOT,I,LEAD WK,,FLOOD,OVER 2,R,2,3,,,,,,PRO,ZOOM,,,,,,,,,OVER,,,2,Z2,,,,,,,MINN
40,"1608 IL DEF VS MN 10-29-16 SS IC_Clean, Play 040",40,3,8,9,3,40,TY,TRIPLES,GUN NEAR,,BINGO OUT,DBP,NKL GREEN 2,P,3,3,,,C,,,TREY,W-PEEL,,,,,,,,,GREEN,,,2,Z2,,,,,,,MINN
41,"1608 IL DEF VS MN 10-29-16 SS IC_Clean, Play 041",41,4,5,9,4,37,TY,TREY YLW,GUN NEAR,,DENVER,DBP,NKL PRESS NOSE 2,P,0,3,,,I,,,,,FLIP,,,DRAGON,,,,,OVER,,,2 PRESS NOSE,Z2,,,,,,,MINN
42,"1608 IL DEF VS MN 10-29-16 SS IC_Clean, Play 042",42,1,10,10,1,-30,PW,PRO,I FR,POWER O WK,,FLOOD,OVER SPEAR,R,8,3,,,,,,,H-JET,,,,,,,,,,,SPEAR,,ZP,,,,,,,MINN
43,"1608 IL DEF VS MN 10-29-16 SS IC_Clean, Play 043",43,2,2,10,2,-38,TY,TRIPS YLW,PIST DOT,COUNTER OY WK,,FLOW,NKL UNDER 10,R,-1,3,,,,,,,,,,,,,,,,UNDER,,,10,MF,,,,,,,MINN
44,"1608 IL DEF VS MN 10-29-16 SS IC_Clean, Play 044",44,3,3,10,3,-37,TY,TRIPS YLW,DOT,STEELER DRAW,,FLOP,NKL OVER PRESS 1,R,13,3,,,,,,,,,,,,,,,,OVER,,,1 PRESS,MF,,,,,,,MINN
45,"1608 IL DEF VS MN 10-29-16 SS IC_Clean, Play 045",45,1,10,10,4,50,RG,PRO,I,,COUNTER PASS,PFLOW,SMASH,P,9,3,,,C,,,,,,,,SEAMSXDIG,,,,,,,SMASH,,ZP,,,,,,,MINN
46,"1608 IL DEF VS MN 10-29-16 SS IC_Clean, Play 046",46,2,1,10,5,41,TY,TRIPLES,PIST DOT,BOUNCE STR,,SPLIT,NKL DART,R,-4,3,,,,,,TREY,W-PEEL,FLIP,,U WIPE,,,,,,,,DART,,ZP,,,,,,,MINN
47,"1608 IL DEF VS MN 10-29-16 SS IC_Clean, Play 047",47,3,5,10,6,45,TY,EMPTY,EMPTY GUN,,BULLETS,QCK,NKL GREEN PRESS 2,P,5,3,,,C,,,TRIPS,H-PEEL,,,,SLANTS,,,,,GREEN,,,2 PRESS,Z2,,,,,,,MINN
48,"1608 IL DEF VS MN 10-29-16 SS IC_Clean, Play 048",48,1,10,10,7,40,TY,TRIPLES,GUN FAR,,CROSSERS,DBP,NKL WHACK,P,7,3,,,C,,,TREY,W-PEEL,,,,XDIGHFLAT,,,,,,,WHACK,,ZP,,,,,,,MINN
49,"1608 IL DEF VS MN 10-29-16 SS IC_Clean, Play 049",49,2,3,10,8,33,RG,PRO,I,LEAD WK,,FLOOD,OVER 1,R,1,3,,,,,,,,,,,,,,,,OVER,,,1,MF,,,,,,,MINN
50,"1608 IL DEF VS MN 10-29-16 SS IC_Clean, Play 050",50,3,2,10,9,32,PW,PRO UNB,GUN NR STK,GADGET,,FLOOD,UNDER 10,R,6,3,,,,,,,H-JET,,,FALCON,,,,,,UNDER,,,10,MF,,,,PF,,,MINN
51,"1608 IL DEF VS MN 10-29-16 SS IC_Clean, Play 051",51,1,10,10,10,13,RG,PRO,I,,COUNTER PASS,PFLOW,SMASH,P,0,3,,,I,,,,,,,,SEAMS,,,,,,,SMASH,,ZP,,,,,,,MINN
52,"1608 IL DEF VS MN 10-29-16 SS IC_Clean, Play 052",52,2,10,10,11,13,TY,TREY,PIST DOT,BELLY WK,,FLOOD,NKL DART,R,8,3,,,,,,TRIPS,ZOOM,,,,,,,,,,,DART,,ZP,,,,,,,MINN
53,"1608 IL DEF VS MN 10-29-16 SS IC_Clean, Play 053",53,3,2,10,12,5,TY,TRIPS YLW,PIST DOT,OPTION FLOW ARC,,FLOW,NKL OVER STICK PRESS T-1,R,5,4,,Q,,,,,Z-JET,,,,,,,,,OVER,STICK,,T-1 PRESS,T-MF,,,,,,,MINN
54,"1608 IL DEF VS MN 10-29-16 SS IC_Clean, Play 054",54,1,10,11,1,44,RG,DEUCE,DOT,BOUNCE STR,,SPLIT,OVER STICK 1,R,6,4,,,,,,,,,,TUG C,,,,,,OVER,STICK,,1,MF,,,,,,,MINN
55,"1608 IL DEF VS MN 10-29-16 SS IC_Clean, Play 055",55,2,4,11,2,38,RG,SLOT,I,POWER O WK,,FLOOD,SMASH,R,1,4,,,,,,,,,,,,,,,,,,SMASH,,ZP,OVER STICK 1,,,,,,MINN
56,"1608 IL DEF VS MN 10-29-16 SS IC_Clean, Play 056",56,3,3,11,3,37,TY,TREY YLW,PIST DOT,,FLOOD PASS,PFLOOD,NKL OVER STICK PRESS 1,P,0,4,,,I,,,,,,,,CURLS,,,,,OVER,STICK,,1 PRESS,MF,,,,,,,MINN
57,"1608 IL DEF VS MN 10-29-16 SS IC_Clean, Play 057",57,1,10,12,1,-32,TY,TREY YLW,PIST DOT,OPTION SPLIT ARC,,SPLIT,NKL OVER STICK 1,R,2,4,,H,,,,TRIPS,ZOOM,,,,,,,,,OVER,STICK,,1,MF,,,,,,,MINN
58,"1608 IL DEF VS MN 10-29-16 SS IC_Clean, Play 058",58,2,8,12,2,-34,RG,PRO,I,LEAD WK,,FLOOD,OVER STICK 1,R,0,4,,,,,,,,,,,,,,,,OVER,STICK,,1,MF,,,,,,,MINN
59,"1608 IL DEF VS MN 10-29-16 SS IC_Clean, Play 059",59,3,8,12,3,-34,QD,QUADS,GUN NEAR,FALCON,,DBP,NKL GREEN 2,R,6,4,,,,,,,,WIDE STACKS,,,,,,,,GREEN,,,2,Z2,,,,,,,MINN
60,"1608 IL DEF VS MN 10-29-16 SS IC_Clean, Play 060",60,1,10,13,1,12,TY,TREY,PIST DOT,BOUNCE STR,,SPLIT,NKL OVER STICK T-1,R,2,4,,,,,,,W-JET,,,TUG C,,,,,,OVER,STICK,,1-T,T-MF,,,,,,,MINN
61,"1608 IL DEF VS MN 10-29-16 SS IC_Clean, Play 061",61,2,8,13,2,10,TY,TREY YLW,PIST DOT,OPTION SPLIT ARC,,SPLIT,NKL OVER STICK T-1,R,2,4,,Q,,,,,,,,,,,,,,OVER,STICK,,1-T,T-MF,,,,,,,MINN
62,"1608 IL DEF VS MN 10-29-16 SS IC_Clean, Play 062",62,3,6,13,3,8,TY,TRIPLES,GUN FAR,,STAR ROUTE,SPRINTOUT,NKL OVER STICK T-1,P,1,4,,,C,,,TREY,W-PEEL,,,,,,,,,OVER,STICK,,1-T,T-MF,,,,,,,MINN
63,"1608 IL DEF VS MN 10-29-16 SS IC_Clean, Play 063",63,1,10,14,1,50,RG,DEUCE,DOT,BELLY WK,,FLOOD,OVER STICK 1 UP,R,-1,4,,,,,,,,,,,,,,,,OVER,STICK,,1 UP,MF,,,,,,,MINN
64,"1608 IL DEF VS MN 10-29-16 SS IC_Clean, Play 064",64,2,11,14,2,-49,RG,DOUBLE,GUN NEAR,OPTION BOUNCE,,FLOOD,UNDER 10 UP,R,-2,4,,,,,,,,,,U WIPE,,,,,,UNDER,,,10 UP,MF,,,,,,,MINN
65,"1608 IL DEF VS MN 10-29-16 SS IC_Clean, Play 065",65,3,13,14,3,-47,RG,DOUBLE,GUN NEAR,OPTION BOUNCE,,FLOOD,UNDER 10 UP,R,2,4,,,,,,,,,,U WIPE,,,,,,UNDER,,,10 UP,MF,,,,,,,MINN
66,"1608 IL DEF VS MN 10-29-16 SS IC_Clean, Play 066",66,1,10,15,1,10,TR,TRIO,PIST I NR,COUNTER OF WK,,FLOOD,OVER STICK T-1 UP,R,5,4,,,,,,,,,,,,,,,,OVER,STICK,,1-T UP,MF,,,,,,,MINN
67,"1608 IL DEF VS MN 10-29-16 SS IC_Clean, Play 067",67,2,5,15,2,5,TR,TRIPS YLW,PIST I NR,COUNTER OF WK,,FLOOD,NKL UNDER T-10 UP,R,5,4,,,,,,,,,,,,,,,,UNDER,,,T-10 UP,MF,,,,,,,MINN
68,"1608 IL DEF VS MN 10-29-16 SS IC_Clean, Play 068",68,1,10,16,1,-15,RG,,,KNEEL DOWN,,,OVER STICK 1 UP,R,-2,4,,,,,,,,,,,,,,,,,,,,,,,,,,,MINN
